{
 "cells": [
  {
   "cell_type": "code",
   "execution_count": 41,
   "id": "a8a227ce",
   "metadata": {},
   "outputs": [],
   "source": [
    "import numpy as np\n",
    "import pandas as pd\n",
    "import matplotlib.pyplot as plt\n",
    "import seaborn as sns\n",
    "import statsmodels.api as sm\n",
    "import statsmodels.formula.api as smf\n",
    "from statsmodels.stats.diagnostic import het_breuschpagan\n",
    "import scipy.stats as stats"
   ]
  },
  {
   "cell_type": "code",
   "execution_count": 3,
   "id": "b8506a49",
   "metadata": {},
   "outputs": [],
   "source": [
    "data=pd.read_csv(r\"C:\\Users\\rakes\\OneDrive\\Documents\\ExcelR\\Assignments\\Assignment-5\\ToyotaCorolla.csv\",encoding='latin-1')"
   ]
  },
  {
   "cell_type": "code",
   "execution_count": 54,
   "id": "f7438c11",
   "metadata": {},
   "outputs": [],
   "source": [
    "corolla=data[[\"Price\",\"Age_08_04\",\"KM\",\"HP\",\"cc\",\"Doors\",\"Gears\",\"Quarterly_Tax\",\"Weight\"]]"
   ]
  },
  {
   "cell_type": "code",
   "execution_count": 6,
   "id": "beab2962",
   "metadata": {},
   "outputs": [
    {
     "data": {
      "text/html": [
       "<div>\n",
       "<style scoped>\n",
       "    .dataframe tbody tr th:only-of-type {\n",
       "        vertical-align: middle;\n",
       "    }\n",
       "\n",
       "    .dataframe tbody tr th {\n",
       "        vertical-align: top;\n",
       "    }\n",
       "\n",
       "    .dataframe thead th {\n",
       "        text-align: right;\n",
       "    }\n",
       "</style>\n",
       "<table border=\"1\" class=\"dataframe\">\n",
       "  <thead>\n",
       "    <tr style=\"text-align: right;\">\n",
       "      <th></th>\n",
       "      <th>Price</th>\n",
       "      <th>Age_08_04</th>\n",
       "      <th>KM</th>\n",
       "      <th>HP</th>\n",
       "      <th>cc</th>\n",
       "      <th>Doors</th>\n",
       "      <th>Gears</th>\n",
       "      <th>Quarterly_Tax</th>\n",
       "      <th>Weight</th>\n",
       "    </tr>\n",
       "  </thead>\n",
       "  <tbody>\n",
       "    <tr>\n",
       "      <th>Price</th>\n",
       "      <td>1.000000</td>\n",
       "      <td>-0.876590</td>\n",
       "      <td>-0.569960</td>\n",
       "      <td>0.314990</td>\n",
       "      <td>0.126389</td>\n",
       "      <td>0.185326</td>\n",
       "      <td>0.063104</td>\n",
       "      <td>0.219197</td>\n",
       "      <td>0.581198</td>\n",
       "    </tr>\n",
       "    <tr>\n",
       "      <th>Age_08_04</th>\n",
       "      <td>-0.876590</td>\n",
       "      <td>1.000000</td>\n",
       "      <td>0.505672</td>\n",
       "      <td>-0.156622</td>\n",
       "      <td>-0.098084</td>\n",
       "      <td>-0.148359</td>\n",
       "      <td>-0.005364</td>\n",
       "      <td>-0.198431</td>\n",
       "      <td>-0.470253</td>\n",
       "    </tr>\n",
       "    <tr>\n",
       "      <th>KM</th>\n",
       "      <td>-0.569960</td>\n",
       "      <td>0.505672</td>\n",
       "      <td>1.000000</td>\n",
       "      <td>-0.333538</td>\n",
       "      <td>0.102683</td>\n",
       "      <td>-0.036197</td>\n",
       "      <td>0.015023</td>\n",
       "      <td>0.278165</td>\n",
       "      <td>-0.028598</td>\n",
       "    </tr>\n",
       "    <tr>\n",
       "      <th>HP</th>\n",
       "      <td>0.314990</td>\n",
       "      <td>-0.156622</td>\n",
       "      <td>-0.333538</td>\n",
       "      <td>1.000000</td>\n",
       "      <td>0.035856</td>\n",
       "      <td>0.092424</td>\n",
       "      <td>0.209477</td>\n",
       "      <td>-0.298432</td>\n",
       "      <td>0.089614</td>\n",
       "    </tr>\n",
       "    <tr>\n",
       "      <th>cc</th>\n",
       "      <td>0.126389</td>\n",
       "      <td>-0.098084</td>\n",
       "      <td>0.102683</td>\n",
       "      <td>0.035856</td>\n",
       "      <td>1.000000</td>\n",
       "      <td>0.079903</td>\n",
       "      <td>0.014629</td>\n",
       "      <td>0.306996</td>\n",
       "      <td>0.335637</td>\n",
       "    </tr>\n",
       "    <tr>\n",
       "      <th>Doors</th>\n",
       "      <td>0.185326</td>\n",
       "      <td>-0.148359</td>\n",
       "      <td>-0.036197</td>\n",
       "      <td>0.092424</td>\n",
       "      <td>0.079903</td>\n",
       "      <td>1.000000</td>\n",
       "      <td>-0.160141</td>\n",
       "      <td>0.109363</td>\n",
       "      <td>0.302618</td>\n",
       "    </tr>\n",
       "    <tr>\n",
       "      <th>Gears</th>\n",
       "      <td>0.063104</td>\n",
       "      <td>-0.005364</td>\n",
       "      <td>0.015023</td>\n",
       "      <td>0.209477</td>\n",
       "      <td>0.014629</td>\n",
       "      <td>-0.160141</td>\n",
       "      <td>1.000000</td>\n",
       "      <td>-0.005452</td>\n",
       "      <td>0.020613</td>\n",
       "    </tr>\n",
       "    <tr>\n",
       "      <th>Quarterly_Tax</th>\n",
       "      <td>0.219197</td>\n",
       "      <td>-0.198431</td>\n",
       "      <td>0.278165</td>\n",
       "      <td>-0.298432</td>\n",
       "      <td>0.306996</td>\n",
       "      <td>0.109363</td>\n",
       "      <td>-0.005452</td>\n",
       "      <td>1.000000</td>\n",
       "      <td>0.626134</td>\n",
       "    </tr>\n",
       "    <tr>\n",
       "      <th>Weight</th>\n",
       "      <td>0.581198</td>\n",
       "      <td>-0.470253</td>\n",
       "      <td>-0.028598</td>\n",
       "      <td>0.089614</td>\n",
       "      <td>0.335637</td>\n",
       "      <td>0.302618</td>\n",
       "      <td>0.020613</td>\n",
       "      <td>0.626134</td>\n",
       "      <td>1.000000</td>\n",
       "    </tr>\n",
       "  </tbody>\n",
       "</table>\n",
       "</div>"
      ],
      "text/plain": [
       "                  Price  Age_08_04        KM        HP        cc     Doors  \\\n",
       "Price          1.000000  -0.876590 -0.569960  0.314990  0.126389  0.185326   \n",
       "Age_08_04     -0.876590   1.000000  0.505672 -0.156622 -0.098084 -0.148359   \n",
       "KM            -0.569960   0.505672  1.000000 -0.333538  0.102683 -0.036197   \n",
       "HP             0.314990  -0.156622 -0.333538  1.000000  0.035856  0.092424   \n",
       "cc             0.126389  -0.098084  0.102683  0.035856  1.000000  0.079903   \n",
       "Doors          0.185326  -0.148359 -0.036197  0.092424  0.079903  1.000000   \n",
       "Gears          0.063104  -0.005364  0.015023  0.209477  0.014629 -0.160141   \n",
       "Quarterly_Tax  0.219197  -0.198431  0.278165 -0.298432  0.306996  0.109363   \n",
       "Weight         0.581198  -0.470253 -0.028598  0.089614  0.335637  0.302618   \n",
       "\n",
       "                  Gears  Quarterly_Tax    Weight  \n",
       "Price          0.063104       0.219197  0.581198  \n",
       "Age_08_04     -0.005364      -0.198431 -0.470253  \n",
       "KM             0.015023       0.278165 -0.028598  \n",
       "HP             0.209477      -0.298432  0.089614  \n",
       "cc             0.014629       0.306996  0.335637  \n",
       "Doors         -0.160141       0.109363  0.302618  \n",
       "Gears          1.000000      -0.005452  0.020613  \n",
       "Quarterly_Tax -0.005452       1.000000  0.626134  \n",
       "Weight         0.020613       0.626134  1.000000  "
      ]
     },
     "execution_count": 6,
     "metadata": {},
     "output_type": "execute_result"
    }
   ],
   "source": [
    "corolla.corr()"
   ]
  },
  {
   "cell_type": "code",
   "execution_count": 30,
   "id": "ad2bfc9f",
   "metadata": {},
   "outputs": [],
   "source": [
    "lm=smf.ols('np.sqrt(Price)~np.sqrt(Age_08_04) + np.sqrt(KM) +np.sqrt(HP) +np.sqrt(cc) +np.sqrt(Doors) + np.sqrt(Gears) +np.sqrt(Quarterly_Tax) + np.sqrt(Weight)',data=corolla).fit()"
   ]
  },
  {
   "cell_type": "code",
   "execution_count": 34,
   "id": "46cbe4ec",
   "metadata": {},
   "outputs": [
    {
     "data": {
      "text/plain": [
       "9192.861826110748"
      ]
     },
     "execution_count": 34,
     "metadata": {},
     "output_type": "execute_result"
    }
   ],
   "source": [
    "lm.rsquared\n",
    "lm.aic"
   ]
  },
  {
   "cell_type": "code",
   "execution_count": 35,
   "id": "31e41436",
   "metadata": {},
   "outputs": [
    {
     "data": {
      "text/plain": [
       "0      -11.199943\n",
       "1       -7.802551\n",
       "2       -9.068878\n",
       "3       -2.791737\n",
       "4       -6.250595\n",
       "          ...    \n",
       "1431    -8.162487\n",
       "1432    10.933019\n",
       "1433    -1.767758\n",
       "1434    -9.270231\n",
       "1435   -20.203989\n",
       "Length: 1436, dtype: float64"
      ]
     },
     "execution_count": 35,
     "metadata": {},
     "output_type": "execute_result"
    }
   ],
   "source": [
    "lm.resid"
   ]
  },
  {
   "cell_type": "code",
   "execution_count": 37,
   "id": "872f3eeb",
   "metadata": {},
   "outputs": [
    {
     "data": {
      "text/plain": [
       "34.85869061829655"
      ]
     },
     "execution_count": 37,
     "metadata": {},
     "output_type": "execute_result"
    }
   ],
   "source": [
    "np.sum((lm.resid)**2)/len(corolla)"
   ]
  },
  {
   "cell_type": "code",
   "execution_count": 60,
   "id": "c7ebcbc4",
   "metadata": {},
   "outputs": [],
   "source": [
    "x=1/corolla.Price"
   ]
  },
  {
   "cell_type": "code",
   "execution_count": 61,
   "id": "5659f5a0",
   "metadata": {},
   "outputs": [
    {
     "name": "stdout",
     "output_type": "stream",
     "text": [
      "r2 = 0.7723314982054815 \n",
      " r2_adj = 0.7710551506130806 \n",
      " AIC= -28161.303182143234\n"
     ]
    }
   ],
   "source": [
    "# On Response variable\n",
    "from scipy.stats import boxcox\n",
    "lm9=smf.ols('x~Age_08_04 + KM + HP + cc + Doors + Gears + Quarterly_Tax + Weight',data=corolla).fit()\n",
    "print('r2 =',lm9.rsquared,'\\n','r2_adj =',lm9.rsquared_adj,'\\n','AIC=',lm9.aic)"
   ]
  },
  {
   "cell_type": "code",
   "execution_count": 62,
   "id": "0c2e771b",
   "metadata": {},
   "outputs": [
    {
     "data": {
      "text/plain": [
       "-0.7945605201753394"
      ]
     },
     "execution_count": 62,
     "metadata": {},
     "output_type": "execute_result"
    }
   ],
   "source": [
    "boxcox(corolla.Price)[1]"
   ]
  },
  {
   "cell_type": "code",
   "execution_count": null,
   "id": "41041a97",
   "metadata": {},
   "outputs": [],
   "source": []
  }
 ],
 "metadata": {
  "kernelspec": {
   "display_name": "Python 3 (ipykernel)",
   "language": "python",
   "name": "python3"
  },
  "language_info": {
   "codemirror_mode": {
    "name": "ipython",
    "version": 3
   },
   "file_extension": ".py",
   "mimetype": "text/x-python",
   "name": "python",
   "nbconvert_exporter": "python",
   "pygments_lexer": "ipython3",
   "version": "3.10.9"
  }
 },
 "nbformat": 4,
 "nbformat_minor": 5
}
